924.532
923.957
923.411
922.928
922.534
922.247
922.068
921.99
921.992
922.048
922.128
922.206
922.261
922.28
922.262
922.215
922.151
922.089
922.043
922.026
922.043
922.09
922.157
922.228
922.285
922.309
922.287
922.212
922.084
921.912
921.71
921.496
921.288
921.103
920.953
920.846
920.783
920.761
920.774
920.813
920.874
920.953
921.047
921.158
921.29
921.444
921.622
921.821
922.035
922.254
922.465
922.654
922.807
922.913
922.967
922.967
922.919
922.832
922.719
922.594
922.472
922.364
922.278
922.218
922.186
922.181
922.199
922.239
922.297
922.374
922.468
922.578
922.703
922.839
922.978
923.113
923.232
923.324
923.38
923.392
923.36
923.289
923.188
923.074
922.964
922.877
922.825
922.82
922.862
922.948
923.065
923.197
923.329
923.445
923.537
923.604
923.653
923.699
923.762
923.864
924.025
924.258
924.567
924.947
925.381
925.844
926.306
926.738
927.113
927.413
927.63
927.768
927.84
927.868
927.874
927.883
927.913
927.975
928.071
928.194
928.331
928.466
928.583
928.671
928.725
928.747
928.749
928.745
928.754
928.791
928.868
928.986
929.14
929.316
929.492
929.645
929.753
929.8
929.778
929.688
929.543
929.364
929.176
929.004
928.873
928.796
928.781
928.823
928.908
929.017
929.127
929.215
929.265
929.266
929.217
929.125
929.005
928.875
928.751
928.651
928.585
928.555
928.56
928.589
928.629
928.665
928.684
928.674
928.63
928.55
928.437
928.298
928.141
927.973
927.801
927.629
927.46
927.294
927.132
926.975
926.824
926.683
926.557
926.451
926.371
926.317
926.292
926.291
926.307
926.332
926.354
926.365
926.358
926.33
926.282
926.221
926.156
926.098
926.059
926.047
926.066
926.115
926.189
926.278
926.371
926.456
926.524
926.571
926.595
926.601
926.596
926.588
926.587
926.598
926.62
926.65
926.68
926.7
926.697
926.663
926.596
926.497
926.378
926.253
926.142
926.066
926.04
926.075
926.173
926.326
926.516
926.719
926.911
927.065
927.163
927.193
927.158
927.067
926.941
926.807
926.689
926.612
926.59
926.627
926.716
926.841
926.977
927.097
927.175
927.192
927.138
927.015
926.836
926.622
926.399
926.196
926.036
925.935
925.901
925.93
926.01
926.123
926.249
926.369
926.468
926.541
926.588
926.618
926.643
926.677
926.732
926.818
926.934
927.076
927.23
927.382
927.515
927.614
927.67
927.681
927.651
927.592
927.521
927.454
927.409
927.396
927.42
927.479
927.565
927.663
927.757
927.832
927.875
927.881
927.849
927.785
927.701
927.613
927.534
927.478
927.456
927.472
927.525
927.61
927.72
927.845
927.976
928.103
928.221
928.326
928.414
928.485
928.537
928.569
928.579
928.565
928.526
928.462
928.375
928.272
928.161
928.051
927.955
927.883
927.843
927.838
927.867
927.922
927.993
928.065
928.124
928.159
928.163
928.134
928.08
928.012
927.945
927.898
927.884
927.914
927.992
928.113
928.265
928.431
928.592
928.729
928.826
928.876
928.879
928.843
928.781
928.711
928.651
928.614
928.609
928.637
928.688
928.751
928.807
928.837
928.828
928.771
928.664
928.514
928.333
928.139
927.948
927.771
927.616
927.478
927.347
927.204
927.026
926.793
926.486
926.099
925.632
925.101
