924.523
924.147
923.788
923.451
923.141
922.863
922.62
922.413
922.243
922.111
922.014
921.95
921.915
921.906
921.918
921.944
921.981
922.022
922.061
922.095
922.12
922.131
922.127
922.105
922.066
922.01
921.938
921.854
921.759
921.657
921.553
921.451
921.355
921.27
921.198
921.143
921.107
921.093
921.101
921.131
921.183
921.254
921.341
921.443
921.556
921.674
921.796
921.916
922.031
922.137
922.232
922.313
922.38
922.43
922.465
922.484
922.491
922.486
922.472
922.453
922.432
922.411
922.395
922.386
922.386
922.397
922.421
922.458
922.507
922.569
922.64
922.72
922.805
922.892
922.978
923.059
923.133
923.196
923.246
923.282
923.301
923.305
923.293
923.267
923.229
923.183
923.132
923.08
923.032
922.994
922.969
922.962
922.979
923.022
923.095
923.2
923.338
923.51
923.715
923.95
924.214
924.502
924.81
925.133
925.466
925.802
926.136
926.463
926.777
927.073
927.348
927.598
927.82
928.014
928.178
928.314
928.421
928.504
928.564
928.604
928.629
928.641
928.646
928.647
928.648
928.651
928.659
928.674
928.698
928.732
928.775
928.827
928.886
928.951
929.021
929.092
929.162
929.229
929.291
929.345
929.389
929.423
929.445
929.455
929.452
929.438
929.413
929.378
929.335
929.286
929.233
929.176
929.119
929.063
929.008
928.957
928.909
928.865
928.824
928.786
928.75
928.715
928.679
928.641
928.599
928.551
928.496
928.433
928.36
928.278
928.185
928.082
927.97
927.85
927.723
927.59
927.455
927.318
927.183
927.051
926.924
926.806
926.697
926.599
926.513
926.44
926.38
926.333
926.298
926.275
926.263
926.26
926.264
926.273
926.287
926.302
926.318
926.334
926.347
926.358
926.365
926.368
926.368
926.364
926.357
926.349
926.339
926.329
926.32
926.313
926.309
926.309
926.313
926.322
926.336
926.355
926.379
926.407
926.439
926.473
926.509
926.546
926.583
926.619
926.653
926.685
926.713
926.738
926.759
926.775
926.788
926.798
926.804
926.807
926.808
926.807
926.804
926.8
926.795
926.79
926.784
926.777
926.769
926.76
926.75
926.737
926.723
926.705
926.685
926.661
926.634
926.605
926.573
926.539
926.505
926.471
926.439
926.41
926.385
926.366
926.355
926.353
926.36
926.379
926.409
926.45
926.503
926.567
926.641
926.723
926.812
926.906
927.002
927.099
927.193
927.282
927.364
927.438
927.5
927.551
927.589
927.614
927.626
927.626
927.616
927.597
927.571
927.54
927.508
927.478
927.451
927.431
927.419
927.419
927.431
927.456
927.495
927.547
927.612
927.688
927.773
927.864
927.96
928.056
928.15
928.238
928.318
928.386
928.44
928.479
928.501
928.506
928.494
928.464
928.42
928.363
928.295
928.219
928.139
928.058
927.979
927.907
927.843
927.79
927.751
927.728
927.721
927.73
927.755
927.795
927.849
927.914
927.988
928.068
928.151
928.234
928.314
928.388
928.455
928.513
928.56
928.596
928.621
928.634
928.639
928.635
928.624
928.61
928.594
928.577
928.563
928.553
928.548
928.548
928.553
928.564
928.578
928.594
928.608
928.618
928.62
928.61
928.583
928.536
928.465
928.367
928.238
928.077
927.883
927.654
927.393
927.1
926.78
926.434
926.069
925.689
925.3
924.909
