924.933
924.739
924.545
924.353
924.163
923.975
923.791
923.61
923.433
923.261
923.094
922.932
922.776
922.626
922.483
922.347
922.219
922.097
921.984
921.878
921.78
921.691
921.61
921.536
921.472
921.415
921.366
921.325
921.292
921.267
921.249
921.238
921.234
921.236
921.245
921.259
921.279
921.304
921.334
921.368
921.406
921.448
921.492
921.54
921.589
921.64
921.693
921.747
921.801
921.856
921.911
921.965
922.019
922.072
922.124
922.175
922.224
922.272
922.318
922.362
922.404
922.444
922.483
922.52
922.555
922.588
922.62
922.651
922.68
922.709
922.737
922.765
922.792
922.82
922.848
922.878
922.908
922.94
922.973
923.009
923.047
923.088
923.133
923.181
923.232
923.288
923.348
923.413
923.483
923.557
923.637
923.722
923.813
923.909
924.011
924.119
924.232
924.35
924.475
924.604
924.739
924.878
925.023
925.172
925.325
925.482
925.642
925.806
925.972
926.141
926.311
926.483
926.656
926.829
927.002
927.174
927.344
927.514
927.68
927.844
928.005
928.161
928.313
928.461
928.603
928.739
928.868
928.991
929.107
929.216
929.317
929.409
929.494
929.57
929.637
929.695
929.744
929.785
929.816
929.839
929.852
929.856
929.852
929.839
929.818
929.788
929.751
929.706
929.654
929.595
929.53
929.458
929.381
929.298
929.211
929.12
929.025
928.926
928.825
928.721
928.616
928.509
928.402
928.294
928.187
928.08
927.974
927.87
927.767
927.667
927.57
927.475
927.384
927.296
927.212
927.133
927.057
926.986
926.919
926.856
926.799
926.746
926.698
926.654
926.615
926.581
926.551
926.525
926.503
926.485
926.472
926.461
926.454
926.45
926.449
926.451
926.455
926.461
926.468
926.477
926.488
926.499
926.511
926.524
926.537
926.55
926.562
926.574
926.585
926.596
926.606
926.614
926.621
926.627
926.632
926.635
926.636
926.636
926.635
926.632
926.628
926.622
926.615
926.606
926.597
926.586
926.575
926.563
926.55
926.537
926.524
926.51
926.497
926.484
926.472
926.46
926.45
926.44
926.431
926.424
926.418
926.414
926.412
926.412
926.414
926.417
926.423
926.431
926.442
926.454
926.469
926.486
926.506
926.527
926.551
926.577
926.604
926.634
926.665
926.698
926.732
926.767
926.804
926.841
926.879
926.918
926.957
926.997
927.036
927.075
927.114
927.152
927.19
927.227
927.262
927.297
927.33
927.362
927.392
927.421
927.448
927.473
927.497
927.519
927.539
927.557
927.573
927.588
927.601
927.613
927.623
927.631
927.639
927.646
927.651
927.656
927.66
927.664
927.668
927.672
927.676
927.68
927.685
927.69
927.697
927.705
927.714
927.724
927.736
927.75
927.766
927.784
927.804
927.826
927.85
927.876
927.905
927.935
927.968
928.003
928.04
928.079
928.119
928.161
928.204
928.249
928.294
928.34
928.386
928.432
928.478
928.523
928.567
928.61
928.651
928.69
928.726
928.76
928.79
928.816
928.839
928.857
928.87
928.878
928.88
928.877
928.867
928.851
928.828
928.798
928.76
928.716
928.663
928.603
928.536
928.46
928.376
928.285
928.186
928.079
927.964
927.842
927.712
927.576
927.433
927.283
927.127
926.965
926.798
926.626
926.449
926.269
926.084
925.897
925.707
925.515
925.322
925.127
